## Define "mariner-sea" color palette
marinerSea <- 
  c("#1d2b5b", "#44548a", "#786898",
    "#c06b92", "#e47a8b", "#ffefae")

marinerSky <-
  c("#ffefae", "#ffe88a", "#ffd657",
    "#ffb760", "#ff9665", "#ff6e67",
    "#fa4061")